{
 "cells": [
  {
   "cell_type": "code",
   "execution_count": 1,
   "id": "aa0cd004-03fe-44d7-bae1-9989463e8158",
   "metadata": {},
   "outputs": [],
   "source": [
    "import math\n",
    "import torch\n",
    "import torch.nn as nn\n",
    "import torch.nn.functional as F\n",
    "from ase.io import read,write\n",
    "from ase import Atoms, Atom\n",
    "from ase.visualize import view\n",
    "\n",
    "import numpy as np\n",
    "from pymatgen.core.structure import Structure\n",
    "from pymatgen.io.ase import AseAtomsAdaptor\n",
    "import pymatgen as mg\n",
    "\n",
    "from torch.utils.data import Dataset, DataLoader\n",
    "from torch.utils.data.sampler import SubsetRandomSampler\n",
    "from torch.autograd import Variable\n",
    "import torch.optim as optim\n",
    "from torchtext import data # torchtext.data 임포트\n",
    "from torchtext.data import Iterator\n",
    "from torch.utils.data import Dataset, DataLoader\n",
    "\n",
    "\n",
    "import csv\n",
    "import pandas as pd\n",
    "\n",
    "# from data import CIFData, AtomCustomJSONInitializer, GaussianDistance\n",
    "import os\n",
    "import csv\n",
    "import random\n"
   ]
  },
  {
   "cell_type": "code",
   "execution_count": 2,
   "id": "d27bb379-2bd8-40e4-9b3f-a896bd9e4a5e",
   "metadata": {},
   "outputs": [],
   "source": [
    "import pandas as pd\n",
    "df = pd.read_csv('/home/cut6089/research/GASpy/data/co_motif.csv')\n",
    "\n",
    "target_df = df[['name','target' ]]\n",
    "# target_df.to_csv('/home/cut6089/research/GASpy/data/co_target.csv')\n"
   ]
  },
  {
   "cell_type": "markdown",
   "id": "cd8dcaa1-390f-4e5f-9a12-d3a6aec3101d",
   "metadata": {},
   "source": [
    "## Utils"
   ]
  },
  {
   "cell_type": "code",
   "execution_count": 3,
   "id": "b1632c5d-a438-4902-ad92-d097d7fadbc7",
   "metadata": {},
   "outputs": [],
   "source": [
    "\n",
    "def remove_adsorbates(atoms):\n",
    "    copied_atoms= atoms.copy()\n",
    "    binding_sites = []\n",
    "    adsorbates_index = []\n",
    "    \n",
    "    for atom in atoms:\n",
    "        if atom.tag == 1:\n",
    "            binding_sites.append([atom.symbol,list(atom.position)])\n",
    "            adsorbates_index.append(atom.index)\n",
    "    del copied_atoms[adsorbates_index]\n",
    "    bare_slab = copied_atoms.copy()\n",
    "    \n",
    "    return binding_sites, bare_slab\n",
    "\n",
    "def get_nearest_atoms(atoms):\n",
    "    # view(atoms)\n",
    "    binding_sites, slab = remove_adsorbates(atoms)\n",
    "    binding_sites.sort(key = lambda x: x[1][2] )    \n",
    "    \n",
    "    copied_atom = slab.copy()\n",
    "    copied_atom += Atom(binding_sites[0][0],binding_sites[0][1],tag =1 )\n",
    "    copied_atom = copied_atom.repeat((3,3,1))\n",
    "    ads_index = np.where((copied_atom.get_tags()) ==1)[0][4]\n",
    "    \n",
    "    structure = AseAtomsAdaptor.get_structure(copied_atom)\n",
    "    # nn = structure.get_neighbors(site=structure[ads_index] , r= min(structure.lattice.abc))\n",
    "    nn = structure.get_neighbors(site=structure[ads_index] , r= 10)\n",
    "    nn.sort(key = lambda x : x[1]) # sort nearest atoms\n",
    "    nn_index = [nn[i][2] for i in range(len(nn))]\n",
    "    nn_distances =[nn[i][1] for i in range(len(nn))]\n",
    "    # nn_positions = [list(copied_atom[i].position) for i in range(len(nn_index))]\n",
    "    \n",
    "    \n",
    "    # view(copied_atom)\n",
    "    return copied_atom, nn_index,nn_distances\n",
    "\n",
    "def get_atom_property(atoms):\n",
    "    global feature\n",
    "    feature_df = pd.DataFrame(columns=[f'feat{i}' for i in range(11)])\n",
    "    atom, nn_index,nn_distances= get_nearest_atoms(atoms)\n",
    "    elements = [atom[i].symbol for i in nn_index[:15]]\n",
    "    distances = nn_distances[:15]\n",
    "    def block_to_num(block):\n",
    "        \"\"\"\n",
    "        Convert blokc to number\n",
    "\n",
    "        Args:\n",
    "            block (str) : 's', 'p', 'd' or 'f'\n",
    "\n",
    "        Return:\n",
    "            int : 1, 2, 3, 4\n",
    "        \"\"\"\n",
    "\n",
    "        if block == 's':\n",
    "            return 1\n",
    "        elif block == 'p':\n",
    "            return 2\n",
    "        elif block == 'd':\n",
    "            return 3\n",
    "        elif block == 'f':\n",
    "            return 4\n",
    "\n",
    "    for el, distance in zip(elements, distances):\n",
    "        e = mg.core.Element(el)\n",
    "        atomic_number = e.Z\n",
    "        average_ionic_radius = e.average_ionic_radius.real\n",
    "\n",
    "        # Lowest oxidiation state of the element is used as common oxidation state\n",
    "        common_oxidation_states = e.common_oxidation_states[0]\n",
    "        Pauling_electronegativity = e.X\n",
    "        row = e.row\n",
    "        group = e.group\n",
    "        thermal_conductivity = e.thermal_conductivity.real\n",
    "        boiling_point = e.boiling_point.real\n",
    "        melting_point = e.melting_point.real\n",
    "        block = block_to_num(e.block)\n",
    "        IE = e.ionization_energy\n",
    "        \n",
    "        \n",
    "        feature_df.loc[len(feature_df)] = [atomic_number, common_oxidation_states, Pauling_electronegativity, \n",
    "                                           row, group, thermal_conductivity, boiling_point,\n",
    "                                           melting_point, block, IE,distance]\n",
    "    feature = feature_df.to_numpy()\n",
    "    # feature = feature/distance\n",
    "    feature = torch.Tensor(feature)\n",
    "    \n",
    "    # nn_positions = [list(atom[i].position) for i in range(len(nn_index))]\n",
    "    # R = np.array(nn_positions)\n",
    "    # Dij = np.linalg.norm(R[:, None, :] - R[None,:,:], axis =-1)\n",
    "    # edge = torch.Tensor(Dij[:15,:15])\n",
    "    # feature.unsqueeze_(0).shape\n",
    "    return feature\n",
    "\n",
    "def get_edge_feature(atoms):\n",
    "    atom, nn_index,nn_distances = get_nearest_atoms(atoms)\n",
    "    nn_positions = [list(atom[i].position) for i in nn_index]\n",
    "    R = np.array(nn_positions)\n",
    "    Dij = np.linalg.norm(R[:, None, :] - R[None,:,:], axis =-1)\n",
    "    Dij =  np.where(Dij>4, 1e9, Dij)\n",
    "    edge = torch.Tensor(Dij[:15,:15])\n",
    "    return edge\n",
    "    \n"
   ]
  },
  {
   "cell_type": "code",
   "execution_count": 4,
   "id": "f5d64a03-c665-4b48-b893-ec4bfb74a9f5",
   "metadata": {},
   "outputs": [],
   "source": [
    "class make_dataset(Dataset):\n",
    "    def __init__(self, root_dir, dmin = 0, step = 0.2, random_seed = 123):\n",
    "        self.root_dir = root_dir\n",
    "        target_file = os.path.join(self.root_dir, 'data/co_target.csv')\n",
    "        target_df = pd.read_csv(f'{self.root_dir}data/co_target.csv')\n",
    "        random.seed(random_seed)\n",
    "        self.target_df = target_df.sample(frac=1).reset_index(drop= True)\n",
    "    \n",
    "    def __len__(self):\n",
    "        return len(self.target_df)\n",
    "    \n",
    "    def __getitem__(self, idx):\n",
    "        traj_id = self.target_df['name'][idx]\n",
    "        target = self.target_df['target'][idx]\n",
    "        atoms = read(f'{self.root_dir}final_CO_slab/{traj_id}.traj')\n",
    "        feature = get_atom_property(atoms)\n",
    "        # feature= torch.Tensor(feature)\n",
    "        edge = get_edge_feature(atoms)\n",
    "        # edge = torch.Tensor(edge)\n",
    "        # target= torch.Tensor(float(target))\n",
    "        \n",
    "        return feature,edge, target\n",
    "    \n",
    "def collate_fn(dataset_list):\n",
    "    \"\"\"\n",
    "    list of tuples for each data point.\n",
    "    \"\"\"\n",
    "    batch_feature = []\n",
    "    batch_target = []\n",
    "    batch_edge = []\n",
    "    for  i, (feature,edge, target) in enumerate(dataset_list):\n",
    "        batch_feature.append(feature)\n",
    "        batch_edge.append(edge)\n",
    "        batch_target.append(target)\n",
    "    batch_feature = torch.nn.utils.rnn.pad_sequence(batch_feature, batch_first = True) \n",
    "    # batch_edge = torch.nn.utils.rnn.pad_sequence(batch_edge, batch_first = True) \n",
    "    batch_target = torch.Tensor(batch_target)\n",
    "    return batch_feature,batch_edge,batch_target\n",
    "    "
   ]
  },
  {
   "cell_type": "code",
   "execution_count": 6,
   "id": "185838a4-8cde-4e0b-9bde-3db1debb7aee",
   "metadata": {},
   "outputs": [
    {
     "data": {
      "text/html": [
       "<div>\n",
       "<style scoped>\n",
       "    .dataframe tbody tr th:only-of-type {\n",
       "        vertical-align: middle;\n",
       "    }\n",
       "\n",
       "    .dataframe tbody tr th {\n",
       "        vertical-align: top;\n",
       "    }\n",
       "\n",
       "    .dataframe thead th {\n",
       "        text-align: right;\n",
       "    }\n",
       "</style>\n",
       "<table border=\"1\" class=\"dataframe\">\n",
       "  <thead>\n",
       "    <tr style=\"text-align: right;\">\n",
       "      <th></th>\n",
       "      <th>name</th>\n",
       "      <th>target</th>\n",
       "    </tr>\n",
       "  </thead>\n",
       "  <tbody>\n",
       "    <tr>\n",
       "      <th>0</th>\n",
       "      <td>mp-10010_5d83020d30582ea2977a314b</td>\n",
       "      <td>-1.756184</td>\n",
       "    </tr>\n",
       "    <tr>\n",
       "      <th>1</th>\n",
       "      <td>mp-10010_5d83cd3a4eaf9091a4055c72</td>\n",
       "      <td>-1.496603</td>\n",
       "    </tr>\n",
       "    <tr>\n",
       "      <th>2</th>\n",
       "      <td>mp-10010_5d83f778dafe868ae5d44057</td>\n",
       "      <td>-1.769610</td>\n",
       "    </tr>\n",
       "    <tr>\n",
       "      <th>3</th>\n",
       "      <td>mp-10010_5d8688095436ecdede9a240e</td>\n",
       "      <td>-0.365174</td>\n",
       "    </tr>\n",
       "    <tr>\n",
       "      <th>4</th>\n",
       "      <td>mp-10010_5d8688095436ecdede9a2467</td>\n",
       "      <td>-1.797853</td>\n",
       "    </tr>\n",
       "    <tr>\n",
       "      <th>...</th>\n",
       "      <td>...</td>\n",
       "      <td>...</td>\n",
       "    </tr>\n",
       "    <tr>\n",
       "      <th>18450</th>\n",
       "      <td>mvc-16102_5d83f779dafe868ae5d46655</td>\n",
       "      <td>0.000546</td>\n",
       "    </tr>\n",
       "    <tr>\n",
       "      <th>18451</th>\n",
       "      <td>mvc-16102_5d83f779dafe868ae5d46656</td>\n",
       "      <td>0.008152</td>\n",
       "    </tr>\n",
       "    <tr>\n",
       "      <th>18452</th>\n",
       "      <td>mvc-16102_5d83f779dafe868ae5d46657</td>\n",
       "      <td>0.005785</td>\n",
       "    </tr>\n",
       "    <tr>\n",
       "      <th>18453</th>\n",
       "      <td>mvc-16380_5d83020f30582ea2977aba24</td>\n",
       "      <td>-0.069272</td>\n",
       "    </tr>\n",
       "    <tr>\n",
       "      <th>18454</th>\n",
       "      <td>mvc-16396_5d83021030582ea2977ad1c2</td>\n",
       "      <td>-0.396211</td>\n",
       "    </tr>\n",
       "  </tbody>\n",
       "</table>\n",
       "<p>18455 rows × 2 columns</p>\n",
       "</div>"
      ],
      "text/plain": [
       "                                     name    target\n",
       "0       mp-10010_5d83020d30582ea2977a314b -1.756184\n",
       "1       mp-10010_5d83cd3a4eaf9091a4055c72 -1.496603\n",
       "2       mp-10010_5d83f778dafe868ae5d44057 -1.769610\n",
       "3       mp-10010_5d8688095436ecdede9a240e -0.365174\n",
       "4       mp-10010_5d8688095436ecdede9a2467 -1.797853\n",
       "...                                   ...       ...\n",
       "18450  mvc-16102_5d83f779dafe868ae5d46655  0.000546\n",
       "18451  mvc-16102_5d83f779dafe868ae5d46656  0.008152\n",
       "18452  mvc-16102_5d83f779dafe868ae5d46657  0.005785\n",
       "18453  mvc-16380_5d83020f30582ea2977aba24 -0.069272\n",
       "18454  mvc-16396_5d83021030582ea2977ad1c2 -0.396211\n",
       "\n",
       "[18455 rows x 2 columns]"
      ]
     },
     "execution_count": 6,
     "metadata": {},
     "output_type": "execute_result"
    }
   ],
   "source": [
    "target_df"
   ]
  },
  {
   "cell_type": "code",
   "execution_count": 269,
   "id": "9bc0d068-616d-4a8c-a9af-777de3390a69",
   "metadata": {
    "collapsed": true,
    "jupyter": {
     "outputs_hidden": true
    },
    "tags": []
   },
   "outputs": [
    {
     "data": {
      "text/plain": [
       "tensor([[1.0000e+00, 7.8284e-02, 6.9831e-02, 3.8958e-02, 7.2993e-02, 1.8168e-02,\n",
       "         3.0975e-02, 7.8004e-02, 1.1768e-02, 1.3648e-02, 2.1054e-02, 6.3273e-03,\n",
       "         1.7054e-02, 3.1656e-03, 1.2765e-02],\n",
       "        [7.8284e-02, 1.0000e+00, 5.4920e-03, 1.5807e-02, 2.6413e-02, 2.7784e-03,\n",
       "         7.7862e-02, 3.4934e-02, 1.1076e-03, 7.4792e-02, 2.4565e-03, 1.9477e-02,\n",
       "         2.7001e-03, 1.9621e-03, 5.4577e-03],\n",
       "        [6.9831e-02, 5.4920e-03, 1.0000e+00, 1.3008e-02, 2.7520e-02, 3.1961e-02,\n",
       "         3.9369e-03, 1.9589e-02, 7.3588e-02, 1.1917e-03, 8.4791e-02, 7.5142e-04,\n",
       "         2.9844e-02, 1.3712e-03, 6.0122e-03],\n",
       "        [3.8958e-02, 1.5807e-02, 1.3008e-02, 1.0000e+00, 2.8637e-03, 8.3179e-02,\n",
       "         1.9621e-03, 1.1974e-02, 1.5240e-02, 1.2566e-02, 2.4015e-03, 3.2884e-02,\n",
       "         2.1613e-02, 7.7862e-02, 7.0387e-02],\n",
       "        [7.2993e-02, 2.6413e-02, 2.7520e-02, 2.8637e-03, 1.0000e+00, 1.9621e-03,\n",
       "         8.3179e-02, 2.8712e-02, 2.2499e-03, 2.9073e-03, 2.3907e-02, 7.1228e-04,\n",
       "         2.7443e-03, 2.3977e-04, 1.1950e-03],\n",
       "        [1.8168e-02, 2.7784e-03, 3.1961e-02, 8.3179e-02, 1.9621e-03, 1.0000e+00,\n",
       "         5.7002e-04, 3.8856e-03, 8.2130e-02, 1.2377e-03, 3.7618e-03, 2.7988e-03,\n",
       "         2.2540e-02, 2.6413e-02, 1.7543e-02],\n",
       "        [3.0975e-02, 7.7862e-02, 3.9369e-03, 1.9621e-03, 8.3179e-02, 5.7002e-04,\n",
       "         1.0000e+00, 3.0706e-02, 4.5595e-04, 1.2494e-02, 4.2164e-03, 1.7392e-03,\n",
       "         1.1451e-03, 1.8853e-04, 1.0739e-03],\n",
       "        [7.8004e-02, 3.4934e-02, 1.9589e-02, 1.1974e-02, 2.8712e-02, 3.8856e-03,\n",
       "         3.0706e-02, 1.0000e+00, 5.5551e-03, 2.1695e-02, 2.8889e-02, 4.4192e-03,\n",
       "         2.9463e-02, 1.0632e-03, 2.0008e-02],\n",
       "        [1.1768e-02, 1.1076e-03, 7.3588e-02, 1.5240e-02, 2.2499e-03, 8.2130e-02,\n",
       "         4.5595e-04, 5.5551e-03, 1.0000e+00, 4.9649e-04, 1.8713e-02, 5.8326e-04,\n",
       "         7.3817e-02, 3.2529e-03, 1.2462e-02],\n",
       "        [1.3648e-02, 7.4792e-02, 1.1917e-03, 1.2566e-02, 2.9073e-03, 1.2377e-03,\n",
       "         1.2494e-02, 2.1695e-02, 4.9649e-04, 1.0000e+00, 7.1608e-04, 7.8987e-02,\n",
       "         2.4891e-03, 2.7302e-03, 1.2063e-02],\n",
       "        [2.1054e-02, 2.4565e-03, 8.4791e-02, 2.4015e-03, 2.3907e-02, 3.7618e-03,\n",
       "         4.2164e-03, 2.8889e-02, 1.8713e-02, 7.1608e-04, 1.0000e+00, 2.3500e-04,\n",
       "         2.3702e-02, 2.2223e-04, 2.9438e-03],\n",
       "        [6.3273e-03, 1.9477e-02, 7.5142e-04, 3.2884e-02, 7.1228e-04, 2.7988e-03,\n",
       "         1.7392e-03, 4.4192e-03, 5.8326e-04, 7.8987e-02, 2.3500e-04, 1.0000e+00,\n",
       "         1.8985e-03, 2.0874e-02, 1.6795e-02],\n",
       "        [1.7054e-02, 2.7001e-03, 2.9844e-02, 2.1613e-02, 2.7443e-03, 2.2540e-02,\n",
       "         1.1451e-03, 2.9463e-02, 7.3817e-02, 2.4891e-03, 2.3702e-02, 1.8985e-03,\n",
       "         1.0000e+00, 3.4946e-03, 7.7041e-02],\n",
       "        [3.1656e-03, 1.9621e-03, 1.3712e-03, 7.7862e-02, 2.3977e-04, 2.6413e-02,\n",
       "         1.8853e-04, 1.0632e-03, 3.2529e-03, 2.7302e-03, 2.2223e-04, 2.0874e-02,\n",
       "         3.4946e-03, 1.0000e+00, 1.9182e-02],\n",
       "        [1.2765e-02, 5.4577e-03, 6.0122e-03, 7.0387e-02, 1.1950e-03, 1.7543e-02,\n",
       "         1.0739e-03, 2.0008e-02, 1.2462e-02, 1.2063e-02, 2.9438e-03, 1.6795e-02,\n",
       "         7.7041e-02, 1.9182e-02, 1.0000e+00]])"
      ]
     },
     "execution_count": 269,
     "metadata": {},
     "output_type": "execute_result"
    }
   ],
   "source": [
    "edge = get_edge_feature(atom)\n",
    "torch.exp(-edge)"
   ]
  },
  {
   "cell_type": "code",
   "execution_count": 12,
   "id": "ea7a7989-e253-43f1-b329-40333f1dd908",
   "metadata": {
    "collapsed": true,
    "jupyter": {
     "outputs_hidden": true
    },
    "tags": []
   },
   "outputs": [
    {
     "ename": "KeyboardInterrupt",
     "evalue": "",
     "output_type": "error",
     "traceback": [
      "\u001b[0;31m---------------------------------------------------------------------------\u001b[0m",
      "\u001b[0;31mKeyboardInterrupt\u001b[0m                         Traceback (most recent call last)",
      "Cell \u001b[0;32mIn[12], line 6\u001b[0m\n\u001b[1;32m      4\u001b[0m traj_id \u001b[38;5;241m=\u001b[39m target_df[\u001b[38;5;124m'\u001b[39m\u001b[38;5;124mname\u001b[39m\u001b[38;5;124m'\u001b[39m][i]\n\u001b[1;32m      5\u001b[0m atom \u001b[38;5;241m=\u001b[39m read(\u001b[38;5;124mf\u001b[39m\u001b[38;5;124m'\u001b[39m\u001b[38;5;124m/home/cut6089/research/GASpy/final_CO_slab/\u001b[39m\u001b[38;5;132;01m{\u001b[39;00mtraj_id\u001b[38;5;132;01m}\u001b[39;00m\u001b[38;5;124m.traj\u001b[39m\u001b[38;5;124m'\u001b[39m)\n\u001b[0;32m----> 6\u001b[0m edge \u001b[38;5;241m=\u001b[39m \u001b[43mget_edge_feature\u001b[49m\u001b[43m(\u001b[49m\u001b[43matom\u001b[49m\u001b[43m)\u001b[49m\n",
      "Cell \u001b[0;32mIn[4], line 95\u001b[0m, in \u001b[0;36mget_edge_feature\u001b[0;34m(atoms)\u001b[0m\n\u001b[1;32m     94\u001b[0m \u001b[38;5;28;01mdef\u001b[39;00m \u001b[38;5;21mget_edge_feature\u001b[39m(atoms):\n\u001b[0;32m---> 95\u001b[0m     atom, nn_index,nn_distances \u001b[38;5;241m=\u001b[39m \u001b[43mget_nearest_atoms\u001b[49m\u001b[43m(\u001b[49m\u001b[43matoms\u001b[49m\u001b[43m)\u001b[49m\n\u001b[1;32m     96\u001b[0m     nn_positions \u001b[38;5;241m=\u001b[39m [\u001b[38;5;28mlist\u001b[39m(atom[i]\u001b[38;5;241m.\u001b[39mposition) \u001b[38;5;28;01mfor\u001b[39;00m i \u001b[38;5;129;01min\u001b[39;00m nn_index]\n\u001b[1;32m     97\u001b[0m     R \u001b[38;5;241m=\u001b[39m np\u001b[38;5;241m.\u001b[39marray(nn_positions)\n",
      "Cell \u001b[0;32mIn[4], line 25\u001b[0m, in \u001b[0;36mget_nearest_atoms\u001b[0;34m(atoms)\u001b[0m\n\u001b[1;32m     22\u001b[0m copied_atom \u001b[38;5;241m=\u001b[39m copied_atom\u001b[38;5;241m.\u001b[39mrepeat((\u001b[38;5;241m3\u001b[39m,\u001b[38;5;241m3\u001b[39m,\u001b[38;5;241m1\u001b[39m))\n\u001b[1;32m     23\u001b[0m ads_index \u001b[38;5;241m=\u001b[39m np\u001b[38;5;241m.\u001b[39mwhere((copied_atom\u001b[38;5;241m.\u001b[39mget_tags()) \u001b[38;5;241m==\u001b[39m\u001b[38;5;241m1\u001b[39m)[\u001b[38;5;241m0\u001b[39m][\u001b[38;5;241m4\u001b[39m]\n\u001b[0;32m---> 25\u001b[0m structure \u001b[38;5;241m=\u001b[39m \u001b[43mAseAtomsAdaptor\u001b[49m\u001b[38;5;241;43m.\u001b[39;49m\u001b[43mget_structure\u001b[49m\u001b[43m(\u001b[49m\u001b[43mcopied_atom\u001b[49m\u001b[43m)\u001b[49m\n\u001b[1;32m     26\u001b[0m \u001b[38;5;66;03m# nn = structure.get_neighbors(site=structure[ads_index] , r= min(structure.lattice.abc))\u001b[39;00m\n\u001b[1;32m     27\u001b[0m nn \u001b[38;5;241m=\u001b[39m structure\u001b[38;5;241m.\u001b[39mget_neighbors(site\u001b[38;5;241m=\u001b[39mstructure[ads_index] , r\u001b[38;5;241m=\u001b[39m \u001b[38;5;241m10\u001b[39m)\n",
      "File \u001b[0;32m~/.local/lib/python3.8/site-packages/pymatgen/io/ase.py:199\u001b[0m, in \u001b[0;36mAseAtomsAdaptor.get_structure\u001b[0;34m(atoms, cls, **cls_kwargs)\u001b[0m\n\u001b[1;32m    197\u001b[0m     structure \u001b[38;5;241m=\u001b[39m \u001b[38;5;28mcls\u001b[39m(symbols, positions, \u001b[38;5;241m*\u001b[39m\u001b[38;5;241m*\u001b[39mcls_kwargs)\n\u001b[1;32m    198\u001b[0m \u001b[38;5;28;01melse\u001b[39;00m:\n\u001b[0;32m--> 199\u001b[0m     structure \u001b[38;5;241m=\u001b[39m \u001b[38;5;28;43mcls\u001b[39;49m\u001b[43m(\u001b[49m\u001b[43mlattice\u001b[49m\u001b[43m,\u001b[49m\u001b[43m \u001b[49m\u001b[43msymbols\u001b[49m\u001b[43m,\u001b[49m\u001b[43m \u001b[49m\u001b[43mpositions\u001b[49m\u001b[43m,\u001b[49m\u001b[43m \u001b[49m\u001b[43mcoords_are_cartesian\u001b[49m\u001b[38;5;241;43m=\u001b[39;49m\u001b[38;5;28;43;01mTrue\u001b[39;49;00m\u001b[43m,\u001b[49m\u001b[43m \u001b[49m\u001b[38;5;241;43m*\u001b[39;49m\u001b[38;5;241;43m*\u001b[39;49m\u001b[43mcls_kwargs\u001b[49m\u001b[43m)\u001b[49m\n\u001b[1;32m    201\u001b[0m \u001b[38;5;66;03m# Set the site magmoms in the Pymatgen structure object\u001b[39;00m\n\u001b[1;32m    202\u001b[0m \u001b[38;5;66;03m# Note: ASE distinguishes between initial and converged\u001b[39;00m\n\u001b[1;32m    203\u001b[0m \u001b[38;5;66;03m# magnetic moment site properties, whereas pymatgen does not. Therefore, we\u001b[39;00m\n\u001b[0;32m   (...)\u001b[0m\n\u001b[1;32m    208\u001b[0m \u001b[38;5;66;03m# ASE initial charge <--> Pymatgen \"charge\"\u001b[39;00m\n\u001b[1;32m    209\u001b[0m \u001b[38;5;66;03m# ASE final charge <--> Pymatgen \"final_charge\"\u001b[39;00m\n\u001b[1;32m    210\u001b[0m \u001b[38;5;28;01mif\u001b[39;00m magmoms \u001b[38;5;129;01mis\u001b[39;00m \u001b[38;5;129;01mnot\u001b[39;00m \u001b[38;5;28;01mNone\u001b[39;00m:\n",
      "File \u001b[0;32m~/.local/lib/python3.8/site-packages/pymatgen/core/structure.py:3392\u001b[0m, in \u001b[0;36mStructure.__init__\u001b[0;34m(self, lattice, species, coords, charge, validate_proximity, to_unit_cell, coords_are_cartesian, site_properties)\u001b[0m\n\u001b[1;32m   3347\u001b[0m \u001b[38;5;28;01mdef\u001b[39;00m \u001b[38;5;21m__init__\u001b[39m(\n\u001b[1;32m   3348\u001b[0m     \u001b[38;5;28mself\u001b[39m,\n\u001b[1;32m   3349\u001b[0m     lattice: ArrayLike \u001b[38;5;241m|\u001b[39m Lattice,\n\u001b[0;32m   (...)\u001b[0m\n\u001b[1;32m   3356\u001b[0m     site_properties: \u001b[38;5;28mdict\u001b[39m \u001b[38;5;241m=\u001b[39m \u001b[38;5;28;01mNone\u001b[39;00m,\n\u001b[1;32m   3357\u001b[0m ):\n\u001b[1;32m   3358\u001b[0m     \u001b[38;5;124;03m\"\"\"\u001b[39;00m\n\u001b[1;32m   3359\u001b[0m \u001b[38;5;124;03m    Create a periodic structure.\u001b[39;00m\n\u001b[1;32m   3360\u001b[0m \n\u001b[0;32m   (...)\u001b[0m\n\u001b[1;32m   3390\u001b[0m \u001b[38;5;124;03m            fractional_coords. Defaults to None for no properties.\u001b[39;00m\n\u001b[1;32m   3391\u001b[0m \u001b[38;5;124;03m    \"\"\"\u001b[39;00m\n\u001b[0;32m-> 3392\u001b[0m     \u001b[38;5;28;43msuper\u001b[39;49m\u001b[43m(\u001b[49m\u001b[43m)\u001b[49m\u001b[38;5;241;43m.\u001b[39;49m\u001b[38;5;21;43m__init__\u001b[39;49m\u001b[43m(\u001b[49m\n\u001b[1;32m   3393\u001b[0m \u001b[43m        \u001b[49m\u001b[43mlattice\u001b[49m\u001b[43m,\u001b[49m\n\u001b[1;32m   3394\u001b[0m \u001b[43m        \u001b[49m\u001b[43mspecies\u001b[49m\u001b[43m,\u001b[49m\n\u001b[1;32m   3395\u001b[0m \u001b[43m        \u001b[49m\u001b[43mcoords\u001b[49m\u001b[43m,\u001b[49m\n\u001b[1;32m   3396\u001b[0m \u001b[43m        \u001b[49m\u001b[43mcharge\u001b[49m\u001b[38;5;241;43m=\u001b[39;49m\u001b[43mcharge\u001b[49m\u001b[43m,\u001b[49m\n\u001b[1;32m   3397\u001b[0m \u001b[43m        \u001b[49m\u001b[43mvalidate_proximity\u001b[49m\u001b[38;5;241;43m=\u001b[39;49m\u001b[43mvalidate_proximity\u001b[49m\u001b[43m,\u001b[49m\n\u001b[1;32m   3398\u001b[0m \u001b[43m        \u001b[49m\u001b[43mto_unit_cell\u001b[49m\u001b[38;5;241;43m=\u001b[39;49m\u001b[43mto_unit_cell\u001b[49m\u001b[43m,\u001b[49m\n\u001b[1;32m   3399\u001b[0m \u001b[43m        \u001b[49m\u001b[43mcoords_are_cartesian\u001b[49m\u001b[38;5;241;43m=\u001b[39;49m\u001b[43mcoords_are_cartesian\u001b[49m\u001b[43m,\u001b[49m\n\u001b[1;32m   3400\u001b[0m \u001b[43m        \u001b[49m\u001b[43msite_properties\u001b[49m\u001b[38;5;241;43m=\u001b[39;49m\u001b[43msite_properties\u001b[49m\u001b[43m,\u001b[49m\n\u001b[1;32m   3401\u001b[0m \u001b[43m    \u001b[49m\u001b[43m)\u001b[49m\n\u001b[1;32m   3403\u001b[0m     \u001b[38;5;28mself\u001b[39m\u001b[38;5;241m.\u001b[39m_sites: \u001b[38;5;28mlist\u001b[39m[PeriodicSite] \u001b[38;5;241m=\u001b[39m \u001b[38;5;28mlist\u001b[39m(\u001b[38;5;28mself\u001b[39m\u001b[38;5;241m.\u001b[39m_sites)\n",
      "File \u001b[0;32m~/.local/lib/python3.8/site-packages/pymatgen/core/structure.py:704\u001b[0m, in \u001b[0;36mIStructure.__init__\u001b[0;34m(self, lattice, species, coords, charge, validate_proximity, to_unit_cell, coords_are_cartesian, site_properties)\u001b[0m\n\u001b[1;32m    700\u001b[0m     \u001b[38;5;28;01mif\u001b[39;00m site_properties:\n\u001b[1;32m    701\u001b[0m         prop \u001b[38;5;241m=\u001b[39m {k: v[i] \u001b[38;5;28;01mfor\u001b[39;00m k, v \u001b[38;5;129;01min\u001b[39;00m site_properties\u001b[38;5;241m.\u001b[39mitems()}\n\u001b[1;32m    703\u001b[0m     sites\u001b[38;5;241m.\u001b[39mappend(\n\u001b[0;32m--> 704\u001b[0m         \u001b[43mPeriodicSite\u001b[49m\u001b[43m(\u001b[49m\n\u001b[1;32m    705\u001b[0m \u001b[43m            \u001b[49m\u001b[43msp\u001b[49m\u001b[43m,\u001b[49m\n\u001b[1;32m    706\u001b[0m \u001b[43m            \u001b[49m\u001b[43mcoords\u001b[49m\u001b[43m[\u001b[49m\u001b[43mi\u001b[49m\u001b[43m]\u001b[49m\u001b[43m,\u001b[49m\n\u001b[1;32m    707\u001b[0m \u001b[43m            \u001b[49m\u001b[38;5;28;43mself\u001b[39;49m\u001b[38;5;241;43m.\u001b[39;49m\u001b[43m_lattice\u001b[49m\u001b[43m,\u001b[49m\n\u001b[1;32m    708\u001b[0m \u001b[43m            \u001b[49m\u001b[43mto_unit_cell\u001b[49m\u001b[43m,\u001b[49m\n\u001b[1;32m    709\u001b[0m \u001b[43m            \u001b[49m\u001b[43mcoords_are_cartesian\u001b[49m\u001b[38;5;241;43m=\u001b[39;49m\u001b[43mcoords_are_cartesian\u001b[49m\u001b[43m,\u001b[49m\n\u001b[1;32m    710\u001b[0m \u001b[43m            \u001b[49m\u001b[43mproperties\u001b[49m\u001b[38;5;241;43m=\u001b[39;49m\u001b[43mprop\u001b[49m\u001b[43m,\u001b[49m\n\u001b[1;32m    711\u001b[0m \u001b[43m        \u001b[49m\u001b[43m)\u001b[49m\n\u001b[1;32m    712\u001b[0m     )\n\u001b[1;32m    713\u001b[0m \u001b[38;5;28mself\u001b[39m\u001b[38;5;241m.\u001b[39m_sites: \u001b[38;5;28mtuple\u001b[39m[PeriodicSite, \u001b[38;5;241m.\u001b[39m\u001b[38;5;241m.\u001b[39m\u001b[38;5;241m.\u001b[39m] \u001b[38;5;241m=\u001b[39m \u001b[38;5;28mtuple\u001b[39m(sites)\n\u001b[1;32m    714\u001b[0m \u001b[38;5;28;01mif\u001b[39;00m validate_proximity \u001b[38;5;129;01mand\u001b[39;00m \u001b[38;5;129;01mnot\u001b[39;00m \u001b[38;5;28mself\u001b[39m\u001b[38;5;241m.\u001b[39mis_valid():\n",
      "File \u001b[0;32m~/.local/lib/python3.8/site-packages/pymatgen/core/sites.py:341\u001b[0m, in \u001b[0;36mPeriodicSite.__init__\u001b[0;34m(self, species, coords, lattice, to_unit_cell, coords_are_cartesian, properties, skip_checks)\u001b[0m\n\u001b[1;32m    339\u001b[0m \u001b[38;5;28;01mif\u001b[39;00m \u001b[38;5;129;01mnot\u001b[39;00m \u001b[38;5;28misinstance\u001b[39m(species, Composition):\n\u001b[1;32m    340\u001b[0m     \u001b[38;5;28;01mtry\u001b[39;00m:\n\u001b[0;32m--> 341\u001b[0m         species \u001b[38;5;241m=\u001b[39m Composition({\u001b[43mget_el_sp\u001b[49m\u001b[43m(\u001b[49m\u001b[43mspecies\u001b[49m\u001b[43m)\u001b[49m: \u001b[38;5;241m1\u001b[39m})\n\u001b[1;32m    342\u001b[0m     \u001b[38;5;28;01mexcept\u001b[39;00m \u001b[38;5;167;01mTypeError\u001b[39;00m:\n\u001b[1;32m    343\u001b[0m         species \u001b[38;5;241m=\u001b[39m Composition(species)\n",
      "File \u001b[0;32m~/.local/lib/python3.8/site-packages/pymatgen/core/periodic_table.py:1605\u001b[0m, in \u001b[0;36mget_el_sp\u001b[0;34m(obj)\u001b[0m\n\u001b[1;32m   1602\u001b[0m     \u001b[38;5;28;01mreturn\u001b[39;00m Element\u001b[38;5;241m.\u001b[39mfrom_Z(i)\n\u001b[1;32m   1604\u001b[0m \u001b[38;5;28;01mtry\u001b[39;00m:\n\u001b[0;32m-> 1605\u001b[0m     \u001b[38;5;28;01mreturn\u001b[39;00m \u001b[43mSpecies\u001b[49m\u001b[38;5;241;43m.\u001b[39;49m\u001b[43mfrom_string\u001b[49m\u001b[43m(\u001b[49m\u001b[43mobj\u001b[49m\u001b[43m)\u001b[49m\n\u001b[1;32m   1606\u001b[0m \u001b[38;5;28;01mexcept\u001b[39;00m (\u001b[38;5;167;01mValueError\u001b[39;00m, \u001b[38;5;167;01mKeyError\u001b[39;00m):\n\u001b[1;32m   1607\u001b[0m     \u001b[38;5;28;01mtry\u001b[39;00m:\n",
      "File \u001b[0;32m~/.local/lib/python3.8/site-packages/pymatgen/core/periodic_table.py:1186\u001b[0m, in \u001b[0;36mSpecies.from_string\u001b[0;34m(species_string)\u001b[0m\n\u001b[1;32m   1167\u001b[0m \u001b[38;5;124;03m\"\"\"\u001b[39;00m\n\u001b[1;32m   1168\u001b[0m \u001b[38;5;124;03mReturns a Species from a string representation.\u001b[39;00m\n\u001b[1;32m   1169\u001b[0m \n\u001b[0;32m   (...)\u001b[0m\n\u001b[1;32m   1178\u001b[0m \u001b[38;5;124;03m    ValueError if species_string cannot be interpreted.\u001b[39;00m\n\u001b[1;32m   1179\u001b[0m \u001b[38;5;124;03m\"\"\"\u001b[39;00m\n\u001b[1;32m   1180\u001b[0m \u001b[38;5;66;03m# e.g. Fe2+,spin=5\u001b[39;00m\n\u001b[1;32m   1181\u001b[0m \u001b[38;5;66;03m# 1st group: ([A-Z][a-z]*)    --> Fe\u001b[39;00m\n\u001b[1;32m   1182\u001b[0m \u001b[38;5;66;03m# 2nd group: ([0-9.]*)        --> \"2\"\u001b[39;00m\n\u001b[1;32m   1183\u001b[0m \u001b[38;5;66;03m# 3rd group: ([+\\-])          --> +\u001b[39;00m\n\u001b[1;32m   1184\u001b[0m \u001b[38;5;66;03m# 4th group: (.*)             --> everything else, \",spin=5\"\u001b[39;00m\n\u001b[0;32m-> 1186\u001b[0m m \u001b[38;5;241m=\u001b[39m \u001b[43mre\u001b[49m\u001b[38;5;241;43m.\u001b[39;49m\u001b[43msearch\u001b[49m\u001b[43m(\u001b[49m\u001b[38;5;124;43mr\u001b[39;49m\u001b[38;5;124;43m\"\u001b[39;49m\u001b[38;5;124;43m([A-Z][a-z]*)([0-9.]*)([+\u001b[39;49m\u001b[38;5;124;43m\\\u001b[39;49m\u001b[38;5;124;43m-]*)(.*)\u001b[39;49m\u001b[38;5;124;43m\"\u001b[39;49m\u001b[43m,\u001b[49m\u001b[43m \u001b[49m\u001b[43mspecies_string\u001b[49m\u001b[43m)\u001b[49m\n\u001b[1;32m   1187\u001b[0m \u001b[38;5;28;01mif\u001b[39;00m m:\n\u001b[1;32m   1188\u001b[0m \n\u001b[1;32m   1189\u001b[0m     \u001b[38;5;66;03m# parse symbol\u001b[39;00m\n\u001b[1;32m   1190\u001b[0m     sym \u001b[38;5;241m=\u001b[39m m\u001b[38;5;241m.\u001b[39mgroup(\u001b[38;5;241m1\u001b[39m)\n",
      "File \u001b[0;32m~/miniconda3/lib/python3.8/re.py:201\u001b[0m, in \u001b[0;36msearch\u001b[0;34m(pattern, string, flags)\u001b[0m\n\u001b[1;32m    198\u001b[0m \u001b[38;5;28;01mdef\u001b[39;00m \u001b[38;5;21msearch\u001b[39m(pattern, string, flags\u001b[38;5;241m=\u001b[39m\u001b[38;5;241m0\u001b[39m):\n\u001b[1;32m    199\u001b[0m     \u001b[38;5;124;03m\"\"\"Scan through string looking for a match to the pattern, returning\u001b[39;00m\n\u001b[1;32m    200\u001b[0m \u001b[38;5;124;03m    a Match object, or None if no match was found.\"\"\"\u001b[39;00m\n\u001b[0;32m--> 201\u001b[0m     \u001b[38;5;28;01mreturn\u001b[39;00m \u001b[43m_compile\u001b[49m\u001b[43m(\u001b[49m\u001b[43mpattern\u001b[49m\u001b[43m,\u001b[49m\u001b[43m \u001b[49m\u001b[43mflags\u001b[49m\u001b[43m)\u001b[49m\u001b[38;5;241;43m.\u001b[39;49m\u001b[43msearch\u001b[49m\u001b[43m(\u001b[49m\u001b[43mstring\u001b[49m\u001b[43m)\u001b[49m\n",
      "\u001b[0;31mKeyboardInterrupt\u001b[0m: "
     ]
    }
   ],
   "source": [
    "target_df = pd.read_csv(f'/home/cut6089/research/GASpy/data/co_target.csv')\n",
    "# target_df['target']\n",
    "for i  in  range(len(target_df)):\n",
    "    traj_id = target_df['name'][i]\n",
    "    atom = read(f'/home/cut6089/research/GASpy/final_CO_slab/{traj_id}.traj')\n",
    "    edge = get_edge_feature(atom)\n",
    "    # print(edge.shape)"
   ]
  },
  {
   "cell_type": "code",
   "execution_count": 35,
   "id": "0195eb5e-a924-4923-b494-3de970982e5a",
   "metadata": {},
   "outputs": [
    {
     "data": {
      "text/plain": [
       "5.20842596"
      ]
     },
     "execution_count": 35,
     "metadata": {},
     "output_type": "execute_result"
    }
   ],
   "source": [
    "torch.relu()"
   ]
  },
  {
   "cell_type": "code",
   "execution_count": 23,
   "id": "40da214b-396a-47fa-b421-b301e7d7e9fa",
   "metadata": {
    "collapsed": true,
    "jupyter": {
     "outputs_hidden": true
    },
    "tags": []
   },
   "outputs": [
    {
     "data": {
      "text/plain": [
       "array([[0.0000000e+00, 1.7828101e+00, 1.7828701e+00, 1.7829072e+00,\n",
       "        2.6076171e+00, 2.6077347e+00, 2.6077297e+00, 2.6076341e+00,\n",
       "        2.6076772e+00, 2.6076984e+00, 3.1676407e+00, 3.1676126e+00,\n",
       "        3.1678600e+00, 2.6351542e+00, 2.6351371e+00],\n",
       "       [1.7828101e+00, 0.0000000e+00, 2.5020888e+00, 2.5018449e+00,\n",
       "        1.7717068e+00, 9.9999997e-10, 9.9999997e-10, 1.7718118e+00,\n",
       "        3.1328790e+00, 3.1330810e+00, 9.9999997e-10, 2.6050844e+00,\n",
       "        2.6056070e+00, 1.8514887e+00, 1.8516368e+00],\n",
       "       [1.7828701e+00, 2.5020888e+00, 0.0000000e+00, 2.5017655e+00,\n",
       "        9.9999997e-10, 1.7717710e+00, 3.1329126e+00, 3.1331327e+00,\n",
       "        9.9999997e-10, 1.7718580e+00, 2.6050336e+00, 9.9999997e-10,\n",
       "        2.6056607e+00, 3.1638532e+00, 1.8515917e+00],\n",
       "       [1.7829072e+00, 2.5018449e+00, 2.5017655e+00, 0.0000000e+00,\n",
       "        3.1330729e+00, 3.1330609e+00, 1.7719184e+00, 9.9999997e-10,\n",
       "        1.7718964e+00, 9.9999997e-10, 2.6052978e+00, 2.6053958e+00,\n",
       "        9.9999997e-10, 1.8513832e+00, 3.1637063e+00],\n",
       "       [2.6076171e+00, 1.7717068e+00, 9.9999997e-10, 3.1330729e+00,\n",
       "        0.0000000e+00, 9.9999997e-10, 9.9999997e-10, 2.5398414e+00,\n",
       "        2.6685336e+00, 9.9999997e-10, 9.9999997e-10, 1.7676159e+00,\n",
       "        9.9999997e-10, 2.5285239e+00, 3.6159377e+00],\n",
       "       [2.6077347e+00, 9.9999997e-10, 1.7717710e+00, 3.1330609e+00,\n",
       "        9.9999997e-10, 0.0000000e+00, 2.6685843e+00, 9.9999997e-10,\n",
       "        9.9999997e-10, 2.5398924e+00, 1.7676159e+00, 9.9999997e-10,\n",
       "        9.9999997e-10, 9.9999997e-10, 3.6159558e+00],\n",
       "       [2.6077297e+00, 9.9999997e-10, 3.1329126e+00, 1.7719184e+00,\n",
       "        9.9999997e-10, 2.6685843e+00, 0.0000000e+00, 9.9999997e-10,\n",
       "        2.5398717e+00, 9.9999997e-10, 1.7677904e+00, 9.9999997e-10,\n",
       "        9.9999997e-10, 3.6158953e+00, 9.9999997e-10],\n",
       "       [2.6076341e+00, 1.7718118e+00, 3.1331327e+00, 9.9999997e-10,\n",
       "        2.5398414e+00, 9.9999997e-10, 9.9999997e-10, 0.0000000e+00,\n",
       "        9.9999997e-10, 2.6685543e+00, 9.9999997e-10, 9.9999997e-10,\n",
       "        1.7677904e+00, 3.6158864e+00, 2.5284140e+00],\n",
       "       [2.6076772e+00, 3.1328790e+00, 9.9999997e-10, 1.7718964e+00,\n",
       "        2.6685336e+00, 9.9999997e-10, 2.5398717e+00, 9.9999997e-10,\n",
       "        0.0000000e+00, 9.9999997e-10, 9.9999997e-10, 1.7677493e+00,\n",
       "        9.9999997e-10, 2.5283401e+00, 9.9999997e-10],\n",
       "       [2.6076984e+00, 3.1330810e+00, 1.7718580e+00, 9.9999997e-10,\n",
       "        9.9999997e-10, 2.5398924e+00, 9.9999997e-10, 2.6685543e+00,\n",
       "        9.9999997e-10, 0.0000000e+00, 9.9999997e-10, 9.9999997e-10,\n",
       "        1.7677493e+00, 9.9999997e-10, 2.5283225e+00],\n",
       "       [3.1676407e+00, 9.9999997e-10, 2.6050336e+00, 2.6052978e+00,\n",
       "        9.9999997e-10, 1.7676159e+00, 1.7677904e+00, 9.9999997e-10,\n",
       "        9.9999997e-10, 9.9999997e-10, 0.0000000e+00, 9.9999997e-10,\n",
       "        9.9999997e-10, 9.9999997e-10, 9.9999997e-10],\n",
       "       [3.1676126e+00, 2.6050844e+00, 9.9999997e-10, 2.6053958e+00,\n",
       "        1.7676159e+00, 9.9999997e-10, 9.9999997e-10, 9.9999997e-10,\n",
       "        1.7677493e+00, 9.9999997e-10, 9.9999997e-10, 0.0000000e+00,\n",
       "        9.9999997e-10, 1.8853393e+00, 9.9999997e-10],\n",
       "       [3.1678600e+00, 2.6056070e+00, 2.6056607e+00, 9.9999997e-10,\n",
       "        9.9999997e-10, 9.9999997e-10, 9.9999997e-10, 1.7677904e+00,\n",
       "        9.9999997e-10, 1.7677493e+00, 9.9999997e-10, 9.9999997e-10,\n",
       "        0.0000000e+00, 9.9999997e-10, 1.8855189e+00],\n",
       "       [2.6351542e+00, 1.8514887e+00, 3.1638532e+00, 1.8513832e+00,\n",
       "        2.5285239e+00, 9.9999997e-10, 3.6158953e+00, 3.6158864e+00,\n",
       "        2.5283401e+00, 9.9999997e-10, 9.9999997e-10, 1.8853393e+00,\n",
       "        9.9999997e-10, 0.0000000e+00, 2.6307409e+00],\n",
       "       [2.6351371e+00, 1.8516368e+00, 1.8515917e+00, 3.1637063e+00,\n",
       "        3.6159377e+00, 3.6159558e+00, 9.9999997e-10, 2.5284140e+00,\n",
       "        9.9999997e-10, 2.5283225e+00, 9.9999997e-10, 9.9999997e-10,\n",
       "        1.8855189e+00, 2.6307409e+00, 0.0000000e+00]], dtype=float32)"
      ]
     },
     "execution_count": 23,
     "metadata": {},
     "output_type": "execute_result"
    }
   ],
   "source": [
    "e = np.array(edge)\n",
    "np.where(e>4, 1e-9,e)\n",
    "def get_attn_decoder_mask(seq):\n",
    "    subsequent_mask = torch.ones_like(seq).unsqueeze(-1).expand(seq.size(0), seq.size(1), seq.size(1))\n",
    "    subsequent_mask = subsequent_mask.triu(diagonal=1) # upper triangular part of a matrix(2-D)\n",
    "    return subsequent_mask"
   ]
  },
  {
   "cell_type": "code",
   "execution_count": 200,
   "id": "2fdf363a-6380-48af-b705-264984acfd7b",
   "metadata": {
    "tags": []
   },
   "outputs": [
    {
     "data": {
      "text/plain": [
       "torch.Size([15, 10])"
      ]
     },
     "execution_count": 200,
     "metadata": {},
     "output_type": "execute_result"
    }
   ],
   "source": [
    "struct_files = '/home/cut6089/research/GASpy/final_CO_slab/'\n",
    "           \n",
    "atoms = read(struct_files+'mp-10010_5d83020d30582ea2977a314b.traj') \n",
    "structure = AseAtomsAdaptor.get_structure(atoms)\n",
    "# nn = structure.get_neighbors(site=structure[ads_index] , r= min(structure.lattice.abc))\n",
    "\n",
    "\n",
    "atom, nn_index,nn_distances= get_nearest_atoms(atoms)\n",
    "get_edge_feature(atoms).shape\n",
    "get_atom_property(atoms).shape"
   ]
  },
  {
   "cell_type": "code",
   "execution_count": 7,
   "id": "1a7aac66-d667-4a2f-a63e-b9d3c48f7e39",
   "metadata": {},
   "outputs": [],
   "source": [
    "dataset= make_dataset(root_dir= '/home/cut6089/research/GASpy/')\n",
    "total_size = len(dataset)\n",
    "indices = list(range(total_size))\n",
    "train_ratio = 0.7\n",
    "valid_ratio = 0.15\n",
    "train_size = int(total_size * train_ratio)\n",
    "valid_size = int(total_size * valid_ratio)\n",
    "\n",
    "train_sampler =SubsetRandomSampler(indices[:train_size])\n",
    "# valid_sampler = SubsetRandomSampler(indices[:valid_size])\n",
    "train_loader = DataLoader(dataset, batch_size = 50,sampler=train_sampler, num_workers=1 )\n",
    "dataiter = iter(train_loader)\n",
    "inputs, edge, labels= next(dataiter)\n",
    "# features.shape\n"
   ]
  },
  {
   "cell_type": "code",
   "execution_count": 183,
   "id": "1008b17b-30de-44d6-a319-f444cef5a49f",
   "metadata": {
    "tags": []
   },
   "outputs": [
    {
     "data": {
      "text/plain": [
       "torch.Size([15, 10])"
      ]
     },
     "execution_count": 183,
     "metadata": {},
     "output_type": "execute_result"
    }
   ],
   "source": [
    "features[0].shape"
   ]
  },
  {
   "cell_type": "code",
   "execution_count": 54,
   "id": "de1a3870-6053-4be7-b111-85cbc2aa6e7e",
   "metadata": {
    "tags": []
   },
   "outputs": [],
   "source": [
    "a = features[0]\n",
    "layernorm = nn.LayerNorm(10,eps =1e-6)\n",
    "a = layernorm(a)\n",
    "a = a.view(-1).long()\n"
   ]
  },
  {
   "cell_type": "code",
   "execution_count": 61,
   "id": "2936021b-0606-422f-97b3-2e1fd5878d57",
   "metadata": {
